% play music

%notes
a_well_below_middle_c = 55;

all_notes = a_well_below_middle_c * 2.^([0:(12*5-1)]/12);
a_1     = 1;
b_f_1   = 2;
b_1     = 3;
c_1     = 4;
d_f_1   = 5;
d_1     = 6;
e_f_1   = 7;
e_1     = 8;
f_1     = 9;
g_f_1   = 10;
g_1     = 11;
a_f_1   = 12;
a_2     = 13;
b_f_2   = 14;
b_2     = 15;
c_2     = 16;
d_f_2   = 17;
d_2     = 18;
e_f_2   = 19;
e_2     = 20;
f_2     = 21;
g_f_2   = 22;
g_2     = 23;
a_f_2   = 24;
a_3     = 25;
b_f_3   = 26;
b_3     = 27;
c_3     = 28;
d_f_3   = 29;
d_3     = 30;
e_f_3   = 31;
e_3     = 32;
f_3     = 33;
g_f_3   = 34;
g_3     = 35;
a_f_3   = 36;
a_4     = 37;
b_f_4   = 38;
b_4     = 39;
c_4     = 40;
d_f_4   = 41;
d_4     = 42;
e_f_4   = 43;
e_4     = 44;
f_4     = 45;
g_f_4   = 46;
g_4     = 47;
a_f_4   = 48;
a_5     = 49;
b_f_5   = 50;
b_5     = 51;
c_5     = 52;
d_f_5   = 53;
d_5     = 54;
e_f_5   = 55;
e_5     = 56;
f_5     = 57;
g_f_5   = 58;
g_5     = 59;
a_f_5   = 60;

%frequency
f = 24648;

%speed bps
speed_bps=120;

%instruments
piano = [ 0.6127 0.2363 0.0328 0.0656 0.0328 0.0131 0.0066 ];
none = [1];

%song    %note  %duration 
z_h_intro = [ b_f_4 2;
          0 2/3;
          b_f_4 1/3;
          b_f_4 1/3;
          b_f_4 1/3;
          b_f_4 1/3;
          b_f_4 3/4;
          a_f_3 1/4;
          b_f_4 1;
          0 2/3;
          b_f_4 1/3;
          b_f_4 1/3;
          b_f_4 1/3;
          b_f_4 1/3;
          b_f_4 3/4;
          a_f_3 1/4;
          b_f_4 1;
          0 2/3;
          b_f_4 1/3;
          b_f_4 1/3;
          b_f_4 1/3;
          b_f_4 1/3;
          b_f_4 1/2;
          f_3 1/4;
          f_3 1/4;
          f_3 1/2;
          f_3 1/4;
          f_3 1/4;
          f_3 1/2;
          f_3 1/4;
          f_3 1/4;
          f_3 1/2;
          f_3 1/2];
z_h_body = [ b_f_4 1;
          f_3 1.75;
          b_f_4 1/4;
          b_f_4 1/4;
          c_4 1/4;
          d_4 1/4;
          e_f_4 1/4;
          f_4 2;
          0 1/2;
          f_4 1/2;
          f_4 1/3;
          g_f_4 1/3;
          a_f_4 1/3;
          b_f_5 2;
          0 1/3;
          b_f_5 1/3;
          b_f_5 1/3;
          b_f_5 1/3;
          a_f_4 1/3;
          g_f_4 1/3;
          a_f_4 3/4;
          g_f_4 1/4;
          f_4 2;
          f_4 1;
          e_f_4 1/2;
          e_f_4 1/4;
          f_4 1/4;
          g_f_4 2;
          f_4 1/2;
          e_f_4 1/2;
          d_f_4 1/2;
          d_f_4 1/4;
          e_f_4 1/4;
          f_4 2;
          e_f_4 1/2;
          d_f_4 1/2;
          c_4 1/2;
          c_4 1/4;
          d_4 1/4;
          e_4 2;
          g_4 1;
          f_4 1/2;
          f_3 1/4;
          f_3 1/4;
          f_3 1/2;
          f_3 1/4;
          f_3 1/4;
          f_3 1/2;
          f_3 1/4;
          f_3 1/4;
          f_3 1/2;
          f_3 1/2;
          b_f_4 1;
          f_3 1.75;
          b_f_4 1/4;
          b_f_4 1/4;
          c_4 1/4;
          d_4 1/4;
          e_f_4 1/4;
          f_4 2;
          0 1/2;
          f_4 1/2;
          f_4 1/3;
          g_f_4 1/3;
          a_f_4 1/3;
          b_f_5 2;
          0 1;
          d_f_5 1;
          c_5 1;
          a_5 1;
          0 1;
          f_4 1;
          g_f_4 2;
          0 1;
          b_f_5 1;
          a_5 1;
          f_4 1;
          0 1;
          f_4 1;
          g_f_4 2;
          0 1;
          b_f_5 1;
          a_5 1;
          f_4 1;
          0 1;
          d_4 1;
          e_f_4 2;
          0 1;
          g_f_4 1;
          f_4 1;
          d_f_4 1;
          0 1;
          b_f_4 1;
          c_4 1/2;
          c_4 1/4;
          d_4 1/4;
          e_4 1;
          0 1;
          g_4 1;
          f_4 1/2;
          f_3 1/4;
          f_3 1/4;
          f_3 1/2;
          f_3 1/4;
          f_3 1/4;
          f_3 1/2;
          f_3 1/4;
          f_3 1/4;
          f_3 1/2;
          f_3 1/2];
z_h_end = [b_f_4 1;
          b_f_4 1/3;
          b_f_4 1/3;
          b_f_4 1/3;
          b_f_4 2];

%song    %note  %duration 
z_m_intro = [d_3 2;
          0 2/3;
          d_3 1/3;
          d_3 1/3;
          d_3 1/3;
          d_3 1/3;
          c_3 3/4;
          c_3 1/4;
          c_3 1;
          0 1;
          c_3 1/3;
          c_3 1/3;
          c_3 1/3;
          d_f_3 3/4;
          d_f_3 1/4;
          d_f_3 1;
          0 2/3;
          d_f_3 1/3;
          d_f_3 1/3;
          d_f_3 1/3;
          d_f_3 1/3;
          d_f_3 1/2;
          a_3 1/4;
          a_3 1/4;
          a_3 1/2;
          a_3 1/4;
          a_3 1/4;
          a_3 1/2;
          a_3 1/4;
          a_3 1/4;
          a_3 1/2;
          a_3 1/2];
z_m_body = [d_3 1;
          d_3 1/3;
          d_3 1/3;
          c_3 1/3;
          d_3 3/4;
          d_3 1/4;
          d_3 1/4;
          e_f_3 1/4;
          f_3 1/4;
          g_3 1/4;
          a_f_3 3/4;
          b_f_4 1/4;
          b_f_4 1/4;
          c_4 1/4;
          d_4 1/4;
          e_f_4 1/4;
          f_4 1;
          a_f_3 1/3;
          b_f_4 1/3;
          c_4 1/3;
          d_f_4 3/4;
          g_f_3 1/4;
          g_f_3 1/4;
          a_f_3 1/4;
          b_f_4 1/4;
          c_4 1/4;
          d_f_4 2/3;
          d_f_4 1/3;
          d_f_4 1/3;
          c_4 1/3;
          b_f_4 1/3;
          d_f_4 3/4;
          a_f_3 1/4;
          a_f_3 1/3;
          a_f_3 1/3;
          g_f_3 1/3;
          a_f_3 3/4;
          a_f_3 1/4;
          a_f_3 1/3;
          g_f_3 1/3;
          a_f_3 1/3;
          g_f_3 1/2;
          g_f_3 1/4;
          f_3 1/4;
          g_f_3 1/2;
          g_f_3 1/4;
          a_f_3 1/4;
          b_f_4 1;
          a_f_3 1/2;
          g_f_3 1/2;
          f_3 1/2;
          f_3 1/4;
          e_f_3 1/4;
          f_3 1/2;
          f_3 1/4;
          g_f_3 1/4;
          a_f_3 1;
          g_f_3 1/2;
          f_3 1/2;
          e_3 1;
          e_3 1/2;
          e_3 1/4;
          f_3 1/4;
          g_3 1/2;
          g_3 1/4;
          a_4 1/4;
          b_f_4 1/2;
          c_4 1/2;
          a_4 1/2;
          a_3 1/4;
          a_3 1/4;
          a_3 1/2;
          a_3 1/4;
          a_3 1/4;
          a_3 1/2;
          a_3 1/4;
          a_3 1/4;
          a_3 1/2;
          a_3 1/2;
          d_3 1;
          d_3 1/3;
          d_3 1/3;
          c_3 1/3;
          d_3 3/4;
          d_3 1/4;
          d_3 1/4;
          e_f_3 1/4;
          f_3 1/4;
          g_3 1/4;
          a_f_3 3/4;
          b_f_4 1/4;
          b_f_4 1/4;
          c_4 1/4;
          d_4 1/4;
          e_f_4 1/4;
          f_4 1;
          a_f_3 1/3;
          b_f_4 1/3;
          c_4 1/3;
          d_f_4 2;
          0 1;
          e_4 1;
          e_f_4 1;
          c_4 1;
          0 1;
          a_4 1;
          b_4 2;
          0 1;
          d_f_4 1;
          c_4 1;
          a_4 1;
          0 1;
          a_4 1;
          b_4 2;
          0 1;
          d_f_4 1;
          c_4 1;
          a_4 1;
          0 1;
          a_4 1;
          g_f_3 2
          0 1;
          b_4 1;
          b_f_4 1;
          f_3 1;
          0 1;
          d_f_3 1;
          e_3 1;
          e_3 1/2;
          e_3 1/4;
          f_3 1/4;
          g_3 1/2;
          g_3 1/4;
          a_4 1/4;
          b_f_4 1/2
          c_4 1/2;
          a_4 1/2;
          a_3 1/4;
          a_3 1/4;
          a_3 1/2;
          a_3 1/4;
          a_3 1/4;
          a_3 1/2;
          a_3 1/4;
          a_3 1/4;
          a_3 1/2;
          a_3 1/2];
z_m_end = [d_3 1;
          d_3 1/3;
          d_3 1/3;
          d_3 1/3;
          d_3 2];          
      
%song    %note  %duration 
